칼로리, 단백질, 비타민A, 비타민E, 비타민C, 비타민B1,
비타민B2, 나이아신, 비타민B6, 엽산, 칼슘, 인, 철, 아연

1. baby

age > 2
500 20 350 3 50 0.3 0.4 3 0.2 100 300 200 6 4

age > 3
750 20 350 4 35 0.4 0.5 5 0.4 70 300 300 8 4


2. girl

under 50kg
1800 40 500 7 60 0.9 1.1 12 0.8 150 700 700 10 9
under 60kg
2200 55 600 8 70 1.1 1.3 15 1.1 200 800 800 12 12


3. man

weight > 50kg;
2200 55 600 8 70 1.1 1.3 15 1.1 200 800 800 12 12

weight > 60kg
2500 70 700 10 70 1.3 1.5 17 1.4 250 900 900 16

weight > 70kg
2700 75 700 10 70 1.4 1.6 18 1.5 250 900 900 16 12

